052309784_jpg.rf.0eaabf7b2873020ee0520d3f0a9d06fc.jpg 99,120,209,324,0
069004689_jpg.rf.11fbffc45051857b008c1fd382724c8e.jpg 299,177,308,209,1 275,177,287,211,1 169,165,199,244,0 375,169,402,249,1 102,164,142,273,0
001618467_jpg.rf.11879f9d914eee1b9e1944ffca787a7c.jpg 197,199,224,302,1 116,177,173,324,1 218,180,265,324,1 283,184,337,324,1 162,193,210,324,1
029630205_jpg.rf.1bfdde6ef19391d7da013f6b47e1eb99.jpg 198,106,271,313,0
033444253_jpg.rf.002a98cd86d6b29cbf6a41cbeeb91579.jpg 255,104,357,315,0 171,105,252,324,0
056502199_jpg.rf.1e0994c1da39fd42229fbb30c803931e.jpg 176,176,189,207,2 238,176,252,214,1 10,170,32,222,2 40,172,57,222,2 57,163,140,324,2
088523888_jpg.rf.20fa9f35842280bb05849f3faa433ebf.jpg 130,157,184,324,1 207,160,278,325,1
010986311_jpg.rf.2350736e983b699c5e3e3d8082a903ea.jpg 232,166,258,234,0 147,149,215,320,2
035315440_jpg.rf.2e37940a01ca456f065af581f5a40aec.jpg 113,167,155,321,1 151,166,197,324,1 312,168,363,324,1 39,171,93,324,1 200,178,259,324,1
026203500_jpg.rf.23d9e900c005105eddfdfe142208d551.jpg 369,155,394,238,1 343,158,368,236,1 191,126,241,274,0 390,162,412,243,1 19,112,105,313,1
017965122_jpg.rf.0204e669a18542028392b699d284f3ba.jpg 267,141,339,343,0 114,167,179,333,2
008058081_jpg.rf.0301f46dd0eeaab1f1e8672e4e464f0f.jpg 11,111,48,213,1 67,102,126,241,0
032521120_jpg.rf.1ac012884eda2b26bfc0f114a0bc9621.jpg 67,124,155,319,0
091868418_jpg.rf.10be226c8254e16d5a838548d8d73558.jpg 118,101,202,318,0
074066358_jpg.rf.223dc53689da03f989467a5c874a0936.jpg 221,169,295,316,0
036308230_jpg.rf.1ff8ee9267962d284e906b8b8bd95ba9.jpg 172,122,245,302,2
008975950_jpg.rf.199c1160baaea9259c7e53290c0e2ef0.jpg 221,134,290,325,0
073280154_jpg.rf.2dea387a589334410ac2bdad2d33dfdf.jpg 178,194,205,270,2
003625232_jpg.rf.314606676f62795952047357099858c0.jpg 155,171,195,296,2 231,179,269,299,2
037973740_jpg.rf.2ae4652f6c2b713821b8e727dfe4240b.jpg 196,165,272,294,0
096930254_jpg.rf.029d3f8b10c39437503639a54673af53.jpg 207,100,299,292,0
080007097_jpg.rf.1c94483b48e8235aedb6409b467d7c57.jpg 203,126,300,325,2 133,158,214,324,2
098128966_jpg.rf.23979bffe0f13261cc080b8a53e11b82.jpg 205,113,288,338,2
044885137_jpg.rf.06b65c6b2aa5e767e01b7ee5683ee900.jpg 221,170,335,324,0 136,186,236,324,0 43,188,128,324,0
052865660_jpg.rf.01654ce61304173533d1329c45783e6d.jpg 126,114,235,265,0
073675635_jpg.rf.1ce471ddb7087a794db0c7088964e0ae.jpg 204,122,278,301,0
099290349_jpg.rf.197bf3065a82678d96ca77970a58a775.jpg 138,164,202,325,0 55,168,141,324,0
054448910_jpg.rf.0f9ef09b26994a46e9c20ac17169fb5e.jpg 149,108,295,292,0
042535650_jpg.rf.32be3a0da591a3d62cdcbd63109421da.jpg 211,112,346,324,0 349,132,402,306,1 195,207,207,239,0 121,174,181,324,0
036663770_jpg.rf.198a989415aedd3246d64dc6e76b2812.jpg 180,124,220,235,0
034443829_jpg.rf.2ba9b8ae298e1616c01340024a2bceda.jpg 216,165,274,285,2
071612764_jpg.rf.2393ee5a97e1b3bf099debe42084f8c2.jpg 195,166,233,265,2
038680724_jpg.rf.2e857ece85d78bea2d12bd106da446df.jpg 232,120,315,309,0
089114311_jpg.rf.2e7d55e7d9351426e1909d795979ec7f.jpg 132,120,284,324,0 88,181,143,318,1
023756584_jpg.rf.3634b36329799c8ddf41792b171f64ab.jpg 11,170,116,324,0
095797935_jpg.rf.3e9fe4ac82b3d2862f232488085a326b.jpg 152,87,236,296,0 238,93,331,308,0
041499776_jpg.rf.42919b1c59f9f7aca82df34186d525bd.jpg 0,135,74,324,2 137,138,257,324,2 270,155,348,324,1 68,156,136,324,2
088171731_jpg.rf.45eb82253e5b907580afdd5c2591f970.jpg 372,154,396,239,1 346,157,373,237,1 197,155,239,262,0 20,109,88,315,1 46,104,149,324,0
032788399_jpg.rf.433a7bc0d4440b2fd80aa38778960da7.jpg 164,91,270,324,0 284,112,349,319,0 118,130,186,324,0
072837085_jpg.rf.468be511fe48e947eff35d4355e08f09.jpg 22,92,104,292,0
006331925_jpg.rf.46577267655878e6752ac899f6f3f8ce.jpg 148,105,214,317,2 233,110,295,324,2
092605956_jpg.rf.3c8403dd4c8a80c2c0245f5a76674b73.jpg 29,178,45,222,0 78,171,104,233,0 147,163,174,257,0 271,166,333,313,0
096696851_jpg.rf.4b8b5f34fc83f363223679e7191a9341.jpg 280,144,330,232,2 369,158,416,291,2
061859696_jpg.rf.513de0e24f8b66c3e37b62774097b5a5.jpg 96,156,117,220,2 68,167,88,220,2 113,118,197,309,2 202,151,265,308,2
025666169_jpg.rf.4f0e01c873ccd4f358f699c25a181ba4.jpg 318,187,355,285,2 298,213,321,275,2
080443721_jpg.rf.4b5cd6de658da5660fad45437acdc931.jpg 109,154,172,324,2
009917810_jpg.rf.3fc13225cef431bf6eddb0f24a3082c5.jpg 209,120,301,324,2 145,154,210,324,2
013688032_jpg.rf.46cf8843bbe2e7ed612f300245466d36.jpg 172,127,283,324,0
027146066_jpg.rf.45ff238e64cd1965677b9d5c32d03cc0.jpg 185,113,308,304,0
031793933_jpg.rf.47982d9c49df9278d511d9f6c3c9c373.jpg 278,118,401,325,1
008540303_jpg.rf.48e9168a3f0ced515ed84beb5cd83e47.jpg 167,105,254,314,0
073070688_jpg.rf.52ba708a63bc28bdbc4632c90c177d61.jpg 220,108,344,324,1
096574721_jpg.rf.52b45ee6e99cdd8e24d49d105e407ad5.jpg 91,126,179,300,0
027199861_jpg.rf.35b66eb0eeef7da2088b98eab6e35acc.jpg 118,129,232,321,0
017441054_jpg.rf.5b759661e16fe4c0de086c66e3adf460.jpg 158,91,280,324,0
059034769_jpg.rf.472ec15383c46fb95489d4da9772f775.jpg 174,225,192,255,2 151,226,170,271,2
071767616_jpg.rf.619397dd118b681af06f8553de15e095.jpg 238,169,262,239,2 266,170,291,242,2 326,173,353,245,2 109,95,234,324,1
007379656_jpg.rf.5dad603afed53783771ac05c7cbac7cb.jpg 121,121,207,324,0
072597991_jpg.rf.65b8da217ef694876dd1761136cced75.jpg 247,141,291,341,1 152,110,278,373,1
018717861_jpg.rf.5edb91b8ee37d7f2bfde9efa551bd392.jpg 229,135,329,363,1
094439770_jpg.rf.63a2af04ad9a3e5f4b021bb81b09e9ed.jpg 180,106,254,301,0
076112154_jpg.rf.640cf1279dc1870f627e46b621aaaf7a.jpg 159,55,317,359,2 109,151,178,352,2
000924231_jpg.rf.662661be11bc24d100c4ad7aeb881457.jpg 311,172,347,267,0
092260376_jpg.rf.369fa2ce34353aaaedfe3246cc4f0fcb.jpg 89,133,185,293,0
058903894_jpg.rf.3d33c3f422c212076464dbb1b5608fec.jpg 25,121,143,291,0
061548842_jpg.rf.6ac2495bf28d28c8f656ac41ca5d76a6.jpg 251,153,285,277,1
027519021_jpg.rf.70e107cc1e3dc5638cc535a6f836b3a5.jpg 94,124,183,324,1 209,152,287,325,1 24,164,68,324,1
050836055_jpg.rf.3c5095abc592d47a62be5ce2b30a0f9b.jpg 265,216,275,243,2 226,224,237,259,2 149,214,195,324,2
046155747_jpg.rf.66fc421f4d481712ad1d3898eb43cf46.jpg 223,193,270,359,1 141,213,200,359,2
013516629_jpg.rf.3a61d987402c6b48847991d01c8cd3ce.jpg 161,131,210,280,2
097835479_jpg.rf.72373c2d75aefc113a09881266c7f088.jpg 189,115,309,320,0
048978587_jpg.rf.714d7c7961ad932049a18acb0e73032f.jpg 133,118,191,274,0
048402057_jpg.rf.7576dab538ca041747cfd7d2324159c7.jpg 140,154,199,315,0 325,185,378,324,0
069497013_jpg.rf.74823064a95af100699ca2e7fee55eec.jpg 207,147,264,290,2
050237182_jpg.rf.4b8132065c99ee772862e8d4baffe496.jpg 159,102,256,324,0 255,139,337,324,0
039617269_jpg.rf.77fcdb24ee3acee5573acde7871ee490.jpg 108,146,174,286,0
068387012_jpg.rf.7784f9f1fd69719e6d4c2935ba2f6b42.jpg 339,106,388,219,0 200,120,304,238,0 118,155,182,265,0
024030575_jpg.rf.50b51022141d2348b125b9ee128484fd.jpg 207,115,280,304,0
029754845_jpg.rf.76ae47c0e64a0a2f7031a5f70a69b154.jpg 54,176,146,324,1 375,224,400,281,2 246,207,302,324,2
099676258_jpg.rf.77b843a12020a683c25e9b24a9bf1708.jpg 254,196,284,308,1
006725591_jpg.rf.57201d453ef4747d95f7e0b3864be6b0.jpg 304,113,381,324,2 156,124,271,322,2 65,124,163,324,2
028946969_jpg.rf.7e3f856daa3a8e4b3fba8ba66c20688b.jpg 79,91,188,324,0 212,116,300,324,0
013172877_jpg.rf.592db4ea618ba97fc46b91cb459d56cf.jpg 365,90,411,228,2 70,125,184,357,2
083153497_jpg.rf.8090b0f81cf42ad0fe5130ab8f64c0b9.jpg 303,158,336,259,1 128,120,235,325,0
008670657_jpg.rf.87d8e6b88f9fbcda54817393333a2e28.jpg 147,180,198,297,1 210,177,245,300,1
072355929_jpg.rf.7a5c3c8d1932412f8fe3f1f33d4b5237.jpg 100,167,200,293,0
030336428_jpg.rf.78fc8c60b52c396f6df79b33ea3286e0.jpg 211,171,288,363,0 128,183,217,364,0
091082626_jpg.rf.8d32cbb5148d0b754fb77a1b3714e03b.jpg 87,207,100,243,1 13,199,36,261,1 110,205,133,258,2 160,201,190,267,2 263,186,331,324,0
081778533_jpg.rf.58c1db0181c963d7333de739b0066590.jpg 204,154,271,373,2 123,184,187,370,2
019371594_jpg.rf.5ac8378d362b64ccbad8eba80635ba29.jpg 254,124,338,325,1
021351137_jpg.rf.8e4a417542ead8388b7a09c4c64243a4.jpg 140,70,219,355,2 229,93,308,345,2 74,83,181,358,2
010723580_jpg.rf.8e8c789d6a36c74d79e77c4a8bee2711.jpg 203,101,282,315,1
079818299_jpg.rf.8c7188240077558793696ff93b3f9bb9.jpg 173,115,244,294,0
010616035_jpg.rf.8d2bc7c3e9e03b792a1692b0e827cd0a.jpg 103,98,164,228,0
000735304_jpg.rf.941d43fac402c299c513d5eec9cee738.jpg 38,91,105,324,1 265,91,325,324,1
070926209_jpg.rf.94204efc903b67e6a815d9c84f9bf5f5.jpg 210,96,300,319,0 3,100,124,317,0
073743144_jpg.rf.95caa8c80e1229026a737ad4f68289e0.jpg 216,146,317,300,0
043338085_jpg.rf.9c4a1e54ac39924d27e461ef1decaf08.jpg 262,112,330,275,2 52,162,78,234,1 221,133,255,263,2 33,164,54,236,1
001162660_jpg.rf.9c3d80fd8ceda1875c93f42be673d418.jpg 254,130,277,194,1 106,140,127,198,2 107,102,232,278,0
092924892_jpg.rf.a2da384c453ab7076644c4bcb8fc0a4a.jpg 191,105,249,308,0
042179882_jpg.rf.9668c3edda5713a46223bcefdafe19a9.jpg 98,111,180,296,0
075660250_jpg.rf.a9763890591311d5ea1124f3077d958c.jpg 239,124,274,238,1 203,124,243,246,1 161,139,202,251,1
096297594_jpg.rf.a56bc5c7f3fd6dc382eab29709812272.jpg 121,143,185,302,0
063804820_jpg.rf.8e11fb7e205b6ae6f05f968d90bcd4d8.jpg 218,100,278,303,0
012818807_jpg.rf.95832fcd89c88482ab14a910d962d16b.jpg 93,201,104,227,0 206,206,219,239,0 186,136,276,324,0 298,153,351,309,1 118,170,169,325,0
098465448_jpg.rf.5d0ddac55558adacc0e68a487f926ecd.jpg 119,135,156,257,2 149,122,207,291,2
020909736_jpg.rf.6065f69bc8e3126b5977d6a07b467116.jpg 133,152,194,312,1 221,154,265,324,1 326,163,387,318,1 75,168,137,324,1
030946955_jpg.rf.a59f70871af6f85d36a5e7c205ab2f33.jpg 122,128,228,324,1 26,146,90,324,1
083747252_jpg.rf.a9a41c6202d30b62e51c883e3ecaef03.jpg 181,158,246,311,0
089015636_jpg.rf.aad05ff1f10290fff5b9f15e9783d32a.jpg 40,102,173,325,0 223,122,313,324,0
017296952_jpg.rf.a9ae57499481124ad2e6863a00c53587.jpg 36,94,159,325,0 211,107,285,324,0
039564682_jpg.rf.ab13fa25b5769ce4bf5bc62abd1571e5.jpg 30,187,76,313,2
003926941_jpg.rf.b0296d38712b970f2f3b4d18bcbae3ee.jpg 92,116,209,308,2
007252232_jpg.rf.6efa0897d5f670caf17bca22a257ce27.jpg 186,117,252,255,2 116,141,156,247,2
016952016_jpg.rf.b5415fa1e2e2f85e91b744ea844d48d3.jpg 271,119,310,244,1 306,120,342,242,1 234,141,266,248,1
057119918_jpg.rf.67bb4913f82ec13027b8979577d81498.jpg 229,156,258,251,2 267,152,304,269,1
033893622_jpg.rf.83dc9e743797bea0c682de3706b738d7.jpg 262,121,327,268,2
054378707_jpg.rf.b25eb315c04acd029753cf159027b7b9.jpg 142,124,162,196,1 205,141,247,273,2 75,121,140,324,2 261,134,346,324,2
000637904_jpg.rf.6fd221c7e83b5b2671627c1afc0c8e84.jpg 173,105,279,321,0
087518721_jpg.rf.adbdb773b41dd753961cc50cd4574fa1.jpg 136,160,185,302,2
074684812_jpg.rf.b6ffa4c0857e9d745e6be0612e82c205.jpg 121,100,216,324,1 0,132,102,325,1 219,143,302,324,1
015585154_jpg.rf.74223d9358b017476b9395dee1411326.jpg 182,155,230,281,1 228,135,287,324,1 357,136,416,324,1 126,162,188,324,1
061912140_jpg.rf.bb83459ceddcb5c226ac216b84a65e8d.jpg 258,93,331,253,0
094630890_jpg.rf.b6345231738fbe6f8d7be110a8189af6.jpg 9,145,70,311,1 334,147,405,311,1 153,149,206,311,1 211,150,272,311,1 269,152,331,311,1 108,156,154,311,1 72,165,115,307,1
047633573_jpg.rf.be1af7de384a1af5a31cdf5aa9322222.jpg 162,155,224,295,0
067109316_jpg.rf.978941d80db9a75f4d9f83e62df77c0e.jpg 83,98,148,271,0
095851861_jpg.rf.73525a64b3e0690682ee67f1da01b955.jpg 40,122,174,324,0
013035313_jpg.rf.b692de23232dd7f122c4d1ee0ddb3133.jpg 129,99,181,273,1 46,91,137,298,1 198,91,280,312,1
040934296_jpg.rf.be8fc83e7a2e918394d03b70a0f39a08.jpg 244,108,330,325,1
052278573_jpg.rf.b8be0cf56ea7627878c97d75b60e502a.jpg 44,96,173,324,0 215,124,304,325,0
041703522_jpg.rf.c5371495a11c23fe1275527acc809f13.jpg 125,146,177,275,0
068272118_jpg.rf.c8ccd2b10b8fb1308a921fad89c1201b.jpg 181,104,259,308,0
075015482_jpg.rf.c71ffbda100d9be95a7d99e995ab661b.jpg 199,91,241,198,2
079416271_jpg.rf.c770b10e4e662210441cf07bb4e2ee7b.jpg 156,118,228,284,2
089870683_jpg.rf.bfec873b30e35a53f396a20c26c9629c.jpg 190,130,241,324,1
078274567_jpg.rf.808d9d7596dc01536a19b4564aa65816.jpg 131,166,202,325,2
098328060_jpg.rf.ccd19867e1c824aea80d86dc865f67af.jpg 187,115,259,318,0
072646172_jpg.rf.c81ff9e3f9a1e2bd68699b9156ddcc97.jpg 205,113,280,312,2
031250546_jpg.rf.cc124981252f39e19ba7fa2c0a212aed.jpg 181,139,287,324,0
053236023_jpg.rf.ca4ada1e4062fc905b751e91eb6fd6a1.jpg 245,157,315,364,0 138,164,219,363,0
043130171_jpg.rf.c10f52ccbbef09f941a2a85808d4440c.jpg 149,160,255,325,0
027737581_jpg.rf.cad1ea28fbea99e319e3e49ad6a9db46.jpg 207,191,237,267,2 177,195,204,267,2 222,186,283,324,2
068888530_jpg.rf.cdaf0d1349369c17d01eef44768f9727.jpg 82,125,135,306,2 189,135,243,297,2 145,133,208,308,2 246,138,312,315,2
027556678_jpg.rf.cec1ed9e073075739277ab34e570a6a5.jpg 275,149,301,237,1 159,148,185,245,1 108,128,163,268,1 4,136,39,264,1 37,147,91,270,1 209,133,276,311,1 302,132,358,315,1
068760143_jpg.rf.ceb5a0ac0ebb3822622601ebcb3b9fe0.jpg 180,112,244,269,0 123,91,201,301,0 45,121,96,274,0
090841011_jpg.rf.8d8b77d8b687f3d33fe129dd06dfeccb.jpg 264,130,369,324,0 122,143,230,324,0
012020906_jpg.rf.d18dc7e78638e2e876ebe332caa194f8.jpg 88,115,253,324,0 89,181,135,317,1
032700677_jpg.rf.d2181681df6b12b0be2502144095275f.jpg 234,150,295,324,0 158,164,230,325,0 89,165,166,324,0
019755591_jpg.rf.d239dd6eaab15308c0649d3ee7e48d77.jpg 266,100,278,143,1 248,97,263,145,1 146,93,235,297,0
029165877_jpg.rf.d154e7dce3eeb7c9516ddb9750fdff5b.jpg 164,116,301,321,0
087332292_jpg.rf.d5deb901cbd341e10a15ebd29f984835.jpg 33,166,58,223,2 189,106,330,324,2
039594110_jpg.rf.d260ecfda4fcb4c19048a37bb97194cc.jpg 129,117,213,324,0
007489584_jpg.rf.e26ad1c5af4f0443071ebf8982c18313.jpg 14,137,30,184,1 361,139,379,190,1 342,142,357,190,1 96,121,161,264,0
043369693_jpg.rf.db25ddb6a21c2840f71e08fa6effbd0c.jpg 39,163,74,260,2 206,126,291,324,2 122,165,178,290,2
037154700_jpg.rf.ddcbdce9c4c97558dd1c161ac0e6af3c.jpg 205,150,276,319,2
093226784_jpg.rf.9fff83d922ea6ca235934c3f5553e217.jpg 152,142,168,181,1 348,154,363,188,1 366,158,383,193,1 58,154,78,204,1 114,153,132,209,1 30,155,51,210,1 149,194,179,290,1 240,215,289,318,1
022726105_jpg.rf.d1bb5969e29122606e1b6c21f6e8cee6.jpg 179,128,259,314,2 289,148,379,301,2 81,148,175,312,2
020227318_jpg.rf.e6a3bf6638eb9935135bce7175879f20.jpg 264,154,318,288,2
035923114_jpg.rf.e3bf16d4b7b6ac7a80266d46a586556e.jpg 192,106,269,285,1 141,98,216,310,1 48,94,116,324,1
024080382_jpg.rf.df976c55a8b07ecca411c48f949f9b7f.jpg 336,152,376,278,1 165,108,267,325,1 374,150,415,289,1 255,121,328,324,2 122,149,182,309,1
074877332_jpg.rf.e8b6c7c70e76dc3b4ad7355d65350e18.jpg 117,110,218,325,1
046822640_jpg.rf.c61a7cdf65b91d7f453708b466fce12e.jpg 11,192,39,260,2 227,164,320,324,2 174,190,222,325,2
061418624_jpg.rf.dddf3a5480c8adecad32ad977fa5ae5a.jpg 299,144,351,267,0
084421233_jpg.rf.eb0554a92a242457db3cf638943e1bc7.jpg 199,112,271,319,2
097843422_jpg.rf.ed331eb0a2b74608726579455c3cd0cd.jpg 111,108,193,324,1
068743686_jpg.rf.eb8c72eeb83212275e9c7b06786e35e9.jpg 16,132,106,324,1 270,142,358,324,1 160,152,230,324,1 86,152,158,324,1
055794874_jpg.rf.ed0409b98336bba881788debb2fa97c9.jpg 67,133,95,197,2 93,133,122,200,2 47,133,72,201,2 139,124,215,320,2 203,191,256,319,2
016007163_jpg.rf.e925dbf417eca7f2b031be97cc7ea026.jpg 287,192,311,270,2 256,195,283,281,2 225,191,258,292,2 183,188,227,322,2 140,193,186,359,2
000933162_jpg.rf.a623f1b4e0f6f5d148062a33e687dac3.jpg 99,182,135,266,2
040299976_jpg.rf.e2e9d5563fa727e689feeafdd7f3fda3.jpg 177,99,272,324,1 46,110,140,324,1 294,130,402,324,1
003670798_jpg.rf.efaa052f88a5df24d229e6caea7f9ab2.jpg 129,110,192,315,1 212,133,285,324,1
091474933_jpg.rf.e4eff2174892d09d7202c26ef2aeb5df.jpg 143,138,207,306,0
005773628_jpg.rf.f1b94dab8476b13091b089fa839abb5d.jpg 181,82,284,359,2
060364452_jpg.rf.eead24f1417255e46fe10008e8e71945.jpg 301,123,353,300,1 149,112,224,324,1 221,128,281,324,1
042646480_jpg.rf.bd46cfe7db35f26bd11c8a01bce1ba41.jpg 142,101,203,277,0
096583232_jpg.rf.f4e02f24df40f740ac2c577f43985660.jpg 120,116,133,154,1 148,122,160,163,1 20,141,56,225,1 204,127,297,324,0 174,136,230,324,0
072396787_jpg.rf.f69ad21b1fbf56ee53fd19711eeb0094.jpg 128,146,179,299,1 44,171,78,286,1
051931269_jpg.rf.e1eab4a74a13514f343342d130b2486b.jpg 225,138,290,311,0
014716325_jpg.rf.bcdbe87df3c4eedae4ebe606fcb38716.jpg 132,126,185,288,0
000575866_jpg.rf.f5995ecae76e4fd7b28c8a7391939360.jpg 168,100,242,324,0
030846828_jpg.rf.f6c2537bec6d40bdaba206f2a93ea55c.jpg 310,136,363,282,0
008540848_jpg.rf.f77bca00e250d4e7152afde5d5a3c9e0.jpg 218,91,293,299,0
035871553_jpg.rf.f83b33007f85f9514ba8455375d151ae.jpg 185,102,284,325,2
078129065_jpg.rf.cd6155a9ffdd0fe44f1518210c2a115b.jpg 166,138,241,324,0
016169455_jpg.rf.f97b987f41d7e30868ddae5a9939a7c7.jpg 192,129,213,185,0 58,108,94,247,1 0,116,48,281,1 162,110,285,325,0
024720607_jpg.rf.fa80869319db973ab2bf73dddb1bff70.jpg 8,149,33,227,1 158,150,188,239,0 27,160,51,238,1 71,120,151,324,0
046355222_jpg.rf.fd9ab01518a300909869fa20120fc30a.jpg 135,153,167,252,1 33,144,77,272,0 176,146,265,324,0
042914949_jpg.rf.ffdf23e7a421cf9d05f0e6bbccc2a236.jpg 8,134,40,221,1 86,122,156,298,0
051109382_jpg.rf.bf06de485a471e2317770adc90f886dc.jpg 173,214,192,266,2 27,209,82,324,2 111,218,170,324,2 167,261,211,324,2
099180995_jpg.rf.f779700a2fffd8568bdb17ef89c5c3a0.jpg 171,199,191,259,1 201,209,238,265,2
015652921_jpg.rf.ff9a93e8a18d0433d3a8a5e9db3a97ef.jpg 203,102,267,324,1 64,114,171,324,1 157,130,222,324,1 275,147,367,324,1
069546721_jpg.rf.e47f516a2a96c6b403480f85df9d3998.jpg 201,114,291,291,0
021999113_jpg.rf.e11c0c0bc27c96422ea6e8f3ce92c659.jpg 223,176,258,250,2
057807210_jpg.rf.ceaad2c32198bd1ee77e019f43dd336b.jpg 173,179,230,338,0 320,185,371,342,0 247,189,302,339,0
080517440_jpg.rf.fd5b9221f343769e3ae6a81d2bfdac0c.jpg 117,101,256,302,0
012325562_jpg.rf.ee83cfae02cc621257feadf371b118ad.jpg 170,138,237,317,0
051801043_jpg.rf.f3ab20ffd9f680780cd7459210a2eaa4.jpg 159,146,222,310,0
053116953_jpg.rf.f0576a6d5954d44abd41ae20bf6a956d.jpg 208,156,222,191,2 224,137,262,235,2 70,138,117,286,2 100,120,189,324,2
048349809_jpg.rf.eb47e71dd0b8bd097bc08b1b10128d2d.jpg 38,152,63,211,1 88,155,108,214,1 66,156,84,212,1 138,151,177,252,0
024667886_jpg.rf.fb53a649f9c24d92907d4eef48f65eb8.jpg 304,106,412,324,2 168,209,195,306,2
044683423_jpg.rf.fddede5ea221fe2aa07749372a96c6bd.jpg 284,140,305,181,2 228,129,265,219,2 57,91,223,324,2