023660978_jpg.rf.609abe9e2870c653994d46f72d5b1ade.jpg 69,149,96,220,1 122,152,142,219,1 94,154,118,219,1 140,153,184,247,0
084466591_jpg.rf.3dcf5edba5c7abe6aeb0f7fa37fa96f2.jpg 170,175,234,313,0
026903355_jpg.rf.21ed6da1aca1fb544b901def84adba7b.jpg 66,104,213,324,0 223,116,303,324,0
069574869_jpg.rf.7045b6afd8667a4acea8f560da0d3be9.jpg 193,120,317,300,0
071556964_jpg.rf.30fbf49af28aa0fbf6c5b780ce3de26d.jpg 47,91,177,324,0 209,119,292,324,0
063629135_jpg.rf.d9304a4d9b7c231c5a5b193cbabd065a.jpg 14,160,58,297,2 160,125,223,352,2 113,187,167,333,2 227,193,275,348,2 311,203,384,359,2 278,221,315,359,2
039153710_jpg.rf.18f0cac070e2b9d47982fcd21494cfc3.jpg 166,114,240,324,1 100,128,165,324,1 239,133,332,324,1
028721257_jpg.rf.cb5165320676deed73072056cdd6deb3.jpg 216,160,268,306,1 315,178,361,291,1 148,186,179,284,1 79,175,122,295,1 39,187,72,285,1
022675862_jpg.rf.13c7e04eeae0dee11f2ccaa19b92e6d3.jpg 303,119,370,301,0 192,116,260,323,0 116,132,185,322,0 90,149,131,307,0
074837525_jpg.rf.629b9ef6558cd5b7334ae90abdb78db1.jpg 319,158,354,235,1 83,115,140,293,1 190,136,238,277,0 141,100,213,317,0 2,109,92,317,1
083248947_jpg.rf.0351605c228d35094bb0c748eb3cf31c.jpg 137,146,156,198,1 100,146,126,225,1 63,148,100,227,1 208,132,238,248,1 2,152,32,236,1 246,138,292,267,1 283,121,373,324,1
018923531_jpg.rf.72392ce262e33a4e4b9db82509353b6e.jpg 73,104,195,324,0 195,130,280,325,0
044527912_jpg.rf.bd1dbafa09eace37e0e1cd239244fed0.jpg 174,105,237,316,0
095776666_jpg.rf.14a3099e4800e65c96505f18acce4cca.jpg 92,183,179,344,2 81,190,155,363,2
093149039_jpg.rf.5c96cbce06ec021ce34e31184c156160.jpg 270,156,363,324,0 198,164,263,324,0 69,170,160,324,0 133,174,192,325,0 173,176,258,324,0
042550566_jpg.rf.cfb50bf829be53f6b1db8522de4d77a3.jpg 59,130,85,261,1 28,124,65,279,1 283,139,317,273,1 305,152,346,286,1 199,150,268,325,1
059901104_jpg.rf.b358c1832e0227d9312f2b1bd446cac3.jpg 259,136,309,291,0 204,137,267,302,0 133,141,189,303,0 76,153,131,304,0 37,155,94,304,0
039515530_jpg.rf.c333ae2f47325eab1683357d3e51116a.jpg 118,133,215,314,0
093286769_jpg.rf.bd59dbe295ee10c3a59ffd601da6b410.jpg 160,91,237,274,0 223,145,261,261,0
016481482_jpg.rf.fb8ca78d179526b92d38a4b7f5aefb47.jpg 113,128,201,358,1 48,132,135,358,1 281,140,364,358,1 226,144,297,358,1 165,154,232,358,1
062234326_jpg.rf.f71980a0d5830e7d77f93f310ac11d20.jpg 206,132,250,233,2
072763114_jpg.rf.f114575ec4f1f0e69375622a855df511.jpg 159,169,203,284,0 122,172,157,283,0
032346733_jpg.rf.ae77630914f626339b373c23a114b7e4.jpg 188,121,344,321,0
000881483_jpg.rf.8f9e7426d6a9fe5cd6be36411b391e80.jpg 222,152,274,265,2
016095549_jpg.rf.919897778b1db1f53112925940005e8a.jpg 165,170,211,275,2
025425240_jpg.rf.68da1883be0a0e9e4f395de111944506.jpg 150,134,187,241,0
086989636_jpg.rf.92a511ad74c2c26902288ec28e0740d9.jpg 199,129,265,324,2 101,139,172,324,2 265,141,339,324,2
078665252_jpg.rf.03157216fabbc64a70f220ce0eb03ddf.jpg 126,125,181,270,2