000881483_jpg.rf.8f9e7426d6a9fe5cd6be36411b391e80.jpg 230,161,267,262,2,0.8015604019165039
016095549_jpg.rf.919897778b1db1f53112925940005e8a.jpg 166,182,213,272,2,0.6610247492790222
016095549_jpg.rf.919897778b1db1f53112925940005e8a.jpg 166,182,213,272,0,0.3286270201206207
016481482_jpg.rf.fb8ca78d179526b92d38a4b7f5aefb47.jpg 396,165,416,257,1,0.40008115768432617
016481482_jpg.rf.fb8ca78d179526b92d38a4b7f5aefb47.jpg 18,151,40,237,1,0.40306374430656433
016481482_jpg.rf.fb8ca78d179526b92d38a4b7f5aefb47.jpg 174,157,229,362,1,0.46479204297065735
016481482_jpg.rf.fb8ca78d179526b92d38a4b7f5aefb47.jpg 234,157,283,345,1,0.4999160170555115
016481482_jpg.rf.fb8ca78d179526b92d38a4b7f5aefb47.jpg 126,98,204,392,1,0.5377317667007446
016481482_jpg.rf.fb8ca78d179526b92d38a4b7f5aefb47.jpg 41,146,135,349,1,0.6454611420631409
016481482_jpg.rf.fb8ca78d179526b92d38a4b7f5aefb47.jpg 285,157,364,337,1,0.7644657492637634
018923531_jpg.rf.72392ce262e33a4e4b9db82509353b6e.jpg 203,153,258,302,0,0.27916470170021057
018923531_jpg.rf.72392ce262e33a4e4b9db82509353b6e.jpg 78,98,199,337,0,0.9505113363265991
022675862_jpg.rf.13c7e04eeae0dee11f2ccaa19b92e6d3.jpg 115,123,196,332,2,0.38316771388053894
022675862_jpg.rf.13c7e04eeae0dee11f2ccaa19b92e6d3.jpg 72,157,136,309,2,0.5659651756286621
022675862_jpg.rf.13c7e04eeae0dee11f2ccaa19b92e6d3.jpg 293,113,374,307,0,0.6661070585250854
022675862_jpg.rf.13c7e04eeae0dee11f2ccaa19b92e6d3.jpg 193,112,264,320,0,0.6744983196258545
023660978_jpg.rf.609abe9e2870c653994d46f72d5b1ade.jpg 114,142,149,223,2,0.4540945887565613
023660978_jpg.rf.609abe9e2870c653994d46f72d5b1ade.jpg 14,160,44,220,2,0.5050075650215149
023660978_jpg.rf.609abe9e2870c653994d46f72d5b1ade.jpg 73,149,94,213,2,0.6263694167137146
023660978_jpg.rf.609abe9e2870c653994d46f72d5b1ade.jpg 94,152,117,213,2,0.6623327732086182
023660978_jpg.rf.609abe9e2870c653994d46f72d5b1ade.jpg 140,155,183,246,2,0.8801936507225037
025425240_jpg.rf.68da1883be0a0e9e4f395de111944506.jpg 146,141,193,245,0,0.8793562054634094
026903355_jpg.rf.21ed6da1aca1fb544b901def84adba7b.jpg 222,113,303,326,0,0.5497885942459106
026903355_jpg.rf.21ed6da1aca1fb544b901def84adba7b.jpg 70,101,195,327,0,0.9517728090286255
028721257_jpg.rf.cb5165320676deed73072056cdd6deb3.jpg 300,190,325,281,2,0.28280824422836304
028721257_jpg.rf.cb5165320676deed73072056cdd6deb3.jpg 39,185,70,290,2,0.38565677404403687
028721257_jpg.rf.cb5165320676deed73072056cdd6deb3.jpg 319,176,357,294,2,0.5938023328781128
028721257_jpg.rf.cb5165320676deed73072056cdd6deb3.jpg 80,171,120,304,2,0.7388851046562195
028721257_jpg.rf.cb5165320676deed73072056cdd6deb3.jpg 148,181,177,287,2,0.7552263736724854
028721257_jpg.rf.cb5165320676deed73072056cdd6deb3.jpg 216,160,270,304,2,0.857580840587616
028721257_jpg.rf.cb5165320676deed73072056cdd6deb3.jpg 80,171,120,304,1,0.2507857084274292
028721257_jpg.rf.cb5165320676deed73072056cdd6deb3.jpg 39,185,70,290,1,0.27854084968566895
028721257_jpg.rf.cb5165320676deed73072056cdd6deb3.jpg 319,176,357,294,1,0.3465871810913086
032346733_jpg.rf.ae77630914f626339b373c23a114b7e4.jpg 196,128,328,323,2,0.3664335310459137
032346733_jpg.rf.ae77630914f626339b373c23a114b7e4.jpg 190,124,334,319,0,0.8981812000274658
039153710_jpg.rf.18f0cac070e2b9d47982fcd21494cfc3.jpg 154,120,252,319,2,0.47143203020095825
039153710_jpg.rf.18f0cac070e2b9d47982fcd21494cfc3.jpg 236,146,337,314,2,0.48333117365837097
039153710_jpg.rf.18f0cac070e2b9d47982fcd21494cfc3.jpg 93,125,169,319,2,0.5380111932754517
039153710_jpg.rf.18f0cac070e2b9d47982fcd21494cfc3.jpg 92,135,172,319,1,0.4533323645591736
039515530_jpg.rf.c333ae2f47325eab1683357d3e51116a.jpg 121,142,212,313,0,0.5759488344192505
042550566_jpg.rf.cfb50bf829be53f6b1db8522de4d77a3.jpg 279,146,315,273,1,0.4731495678424835
042550566_jpg.rf.cfb50bf829be53f6b1db8522de4d77a3.jpg 21,141,79,257,1,0.7429036498069763
042550566_jpg.rf.cfb50bf829be53f6b1db8522de4d77a3.jpg 196,143,270,321,1,0.7873870730400085
042550566_jpg.rf.cfb50bf829be53f6b1db8522de4d77a3.jpg 309,160,346,280,1,0.912041962146759
044527912_jpg.rf.bd1dbafa09eace37e0e1cd239244fed0.jpg 173,94,233,328,0,0.9320718050003052
059901104_jpg.rf.b358c1832e0227d9312f2b1bd446cac3.jpg 139,149,186,291,0,0.5507680773735046
059901104_jpg.rf.b358c1832e0227d9312f2b1bd446cac3.jpg 206,148,264,286,0,0.8375414609909058
059901104_jpg.rf.b358c1832e0227d9312f2b1bd446cac3.jpg 81,155,122,299,0,0.872546911239624
059901104_jpg.rf.b358c1832e0227d9312f2b1bd446cac3.jpg 34,137,88,319,0,0.9252941012382507
059901104_jpg.rf.b358c1832e0227d9312f2b1bd446cac3.jpg 265,132,305,294,0,0.941231906414032
062234326_jpg.rf.f71980a0d5830e7d77f93f310ac11d20.jpg 204,135,250,228,2,0.7891864776611328
063629135_jpg.rf.d9304a4d9b7c231c5a5b193cbabd065a.jpg 167,116,224,353,2,0.2722884714603424
063629135_jpg.rf.d9304a4d9b7c231c5a5b193cbabd065a.jpg 220,189,279,352,2,0.33174195885658264
063629135_jpg.rf.d9304a4d9b7c231c5a5b193cbabd065a.jpg 322,197,376,366,2,0.388354629278183
063629135_jpg.rf.d9304a4d9b7c231c5a5b193cbabd065a.jpg 278,205,318,379,2,0.5108490586280823
063629135_jpg.rf.d9304a4d9b7c231c5a5b193cbabd065a.jpg 322,197,376,366,1,0.3119710683822632
063629135_jpg.rf.d9304a4d9b7c231c5a5b193cbabd065a.jpg 167,116,224,353,1,0.3594036400318146
063629135_jpg.rf.d9304a4d9b7c231c5a5b193cbabd065a.jpg 278,205,318,379,1,0.6318650841712952
063629135_jpg.rf.d9304a4d9b7c231c5a5b193cbabd065a.jpg 221,173,281,378,1,0.6944143176078796
063629135_jpg.rf.d9304a4d9b7c231c5a5b193cbabd065a.jpg 113,182,169,338,1,0.773975133895874
063629135_jpg.rf.d9304a4d9b7c231c5a5b193cbabd065a.jpg 17,166,54,296,1,0.8779744505882263
069574869_jpg.rf.7045b6afd8667a4acea8f560da0d3be9.jpg 189,102,302,326,0,0.6928385496139526
071556964_jpg.rf.30fbf49af28aa0fbf6c5b780ce3de26d.jpg 54,99,163,319,0,0.9457160830497742
072763114_jpg.rf.f114575ec4f1f0e69375622a855df511.jpg 158,175,202,272,2,0.25050538778305054
072763114_jpg.rf.f114575ec4f1f0e69375622a855df511.jpg 124,173,154,282,0,0.6178130507469177
072763114_jpg.rf.f114575ec4f1f0e69375622a855df511.jpg 163,167,201,286,0,0.7217884659767151
074837525_jpg.rf.629b9ef6558cd5b7334ae90abdb78db1.jpg 327,168,341,228,1,0.28131601214408875
074837525_jpg.rf.629b9ef6558cd5b7334ae90abdb78db1.jpg 406,162,415,245,1,0.3457954525947571
074837525_jpg.rf.629b9ef6558cd5b7334ae90abdb78db1.jpg 0,136,91,291,1,0.689486563205719
074837525_jpg.rf.629b9ef6558cd5b7334ae90abdb78db1.jpg 326,160,354,236,1,0.7462562322616577
074837525_jpg.rf.629b9ef6558cd5b7334ae90abdb78db1.jpg 82,107,136,314,1,0.7607754468917847
074837525_jpg.rf.629b9ef6558cd5b7334ae90abdb78db1.jpg 198,143,233,281,0,0.34562423825263977
074837525_jpg.rf.629b9ef6558cd5b7334ae90abdb78db1.jpg 137,120,227,293,0,0.6289466619491577
078665252_jpg.rf.03157216fabbc64a70f220ce0eb03ddf.jpg 127,129,182,267,2,0.34720948338508606
083248947_jpg.rf.0351605c228d35094bb0c748eb3cf31c.jpg 209,133,237,245,2,0.334750771522522
083248947_jpg.rf.0351605c228d35094bb0c748eb3cf31c.jpg 246,138,287,265,2,0.354017972946167
083248947_jpg.rf.0351605c228d35094bb0c748eb3cf31c.jpg 288,131,374,304,2,0.4394576847553253
083248947_jpg.rf.0351605c228d35094bb0c748eb3cf31c.jpg 137,148,158,193,1,0.2951168715953827
083248947_jpg.rf.0351605c228d35094bb0c748eb3cf31c.jpg 295,118,369,321,1,0.3452426493167877
083248947_jpg.rf.0351605c228d35094bb0c748eb3cf31c.jpg 58,150,86,224,1,0.3581293821334839
083248947_jpg.rf.0351605c228d35094bb0c748eb3cf31c.jpg 187,145,213,213,1,0.39269959926605225
083248947_jpg.rf.0351605c228d35094bb0c748eb3cf31c.jpg 111,146,131,215,1,0.4572801887989044
083248947_jpg.rf.0351605c228d35094bb0c748eb3cf31c.jpg 206,138,246,247,1,0.4705674946308136
083248947_jpg.rf.0351605c228d35094bb0c748eb3cf31c.jpg 0,151,37,235,1,0.5112498998641968
083248947_jpg.rf.0351605c228d35094bb0c748eb3cf31c.jpg 167,140,193,207,1,0.7002670168876648
083248947_jpg.rf.0351605c228d35094bb0c748eb3cf31c.jpg 246,138,287,265,1,0.7140604257583618
084466591_jpg.rf.3dcf5edba5c7abe6aeb0f7fa37fa96f2.jpg 171,181,234,306,0,0.9919096231460571
086989636_jpg.rf.92a511ad74c2c26902288ec28e0740d9.jpg 274,153,340,313,2,0.7491711974143982
086989636_jpg.rf.92a511ad74c2c26902288ec28e0740d9.jpg 186,120,277,321,2,0.7835485339164734
086989636_jpg.rf.92a511ad74c2c26902288ec28e0740d9.jpg 110,133,169,329,2,0.9339258670806885
093149039_jpg.rf.5c96cbce06ec021ce34e31184c156160.jpg 130,170,197,321,1,0.26173701882362366
093149039_jpg.rf.5c96cbce06ec021ce34e31184c156160.jpg 201,182,258,308,0,0.5565441846847534
093149039_jpg.rf.5c96cbce06ec021ce34e31184c156160.jpg 75,161,137,333,0,0.6772962212562561
093149039_jpg.rf.5c96cbce06ec021ce34e31184c156160.jpg 267,167,363,316,0,0.7445879578590393
093149039_jpg.rf.5c96cbce06ec021ce34e31184c156160.jpg 130,170,197,321,0,0.7953797578811646
093286769_jpg.rf.bd59dbe295ee10c3a59ffd601da6b410.jpg 219,136,259,263,2,0.30494755506515503
093286769_jpg.rf.bd59dbe295ee10c3a59ffd601da6b410.jpg 226,137,256,270,1,0.28553181886672974
093286769_jpg.rf.bd59dbe295ee10c3a59ffd601da6b410.jpg 219,136,259,263,0,0.25382834672927856
093286769_jpg.rf.bd59dbe295ee10c3a59ffd601da6b410.jpg 159,97,235,261,0,0.29660698771476746
